[49071.985269] [Project1] 5687 1588159810.864542002 1588159813.029074002
[49076.659736] [Project1] 5688 1588159815.576495673 1588159817.703505252
[49081.654389] [Project1] 5689 1588159820.231745844 1588159822.698138505
[49086.336411] [Project1] 5690 1588159825.257084608 1588159827.380133473
[49090.979693] [Project1] 5691 1588159829.905057027 1588159832.023389952
[49095.645212] [Project1] 5694 1588159834.579256897 1588159836.688882327
[49100.334288] [Project1] 5695 1588159839.260823251 1588159841.377931353
[49105.121335] [Project1] 5696 1588159844.040322640 1588159846.164951235
[49109.928296] [Project1] 5697 1588159848.868159396 1588159850.971885027
[49114.719720] [Project1] 5698 1588159853.596944278 1588159855.763280923
